 4.73995000e+02
 5.85545000e+02
 6.84375000e+02
 7.59219000e+02
 8.01541000e+02
 8.06518000e+02
 7.73580000e+02
 7.06484000e+02
 6.12879000e+02
 5.03440000e+02
 3.90643000e+02
 2.87350000e+02
 2.05337000e+02
 1.53957000e+02
 1.39068000e+02
 1.62366000e+02
 2.21196000e+02
 3.08850000e+02
 4.15333000e+02
 5.28505000e+02
 6.35462000e+02
 7.24009000e+02
 7.84049000e+02
 8.08737000e+02
 7.95258000e+02
 7.45149000e+02
 6.64124000e+02
 5.61420000e+02
 4.48748000e+02
 3.38955000e+02
 2.44558000e+02
 1.76322000e+02
 1.42027000e+02
 1.45582000e+02
 1.86582000e+02
 2.60353000e+02
 3.58483000e+02
 4.69783000e+02
 5.81564000e+02
 6.81080000e+02
 7.56984000e+02
 8.00623000e+02
 8.07019000e+02
 7.75444000e+02
 7.09499000e+02
 6.16701000e+02
 5.07633000e+02
 3.94729000e+02
 2.90862000e+02
 2.07877000e+02
 1.55234000e+02
 1.38935000e+02
 1.60840000e+02
 2.18451000e+02
 3.05198000e+02
 4.11191000e+02
 5.24345000e+02
 6.31759000e+02
 7.21184000e+02
 7.82425000e+02
 8.08499000e+02
 7.96433000e+02
 7.47604000e+02
 6.67577000e+02
 5.65479000e+02
 4.52950000e+02
 3.42820000e+02
 2.47647000e+02
 1.78282000e+02
 1.42633000e+02
 1.44766000e+02
 1.84438000e+02
 2.57124000e+02
 3.54538000e+02
 4.65572000e+02
 5.77567000e+02
 6.77752000e+02
 7.54705000e+02
 7.99652000e+02
 8.07468000e+02
 7.77262000e+02
 7.12477000e+02
 6.20501000e+02
 5.11821000e+02
 3.98827000e+02
 2.94404000e+02
 2.10458000e+02
 1.56560000e+02
 1.38856000e+02
 1.59364000e+02
 2.15746000e+02
 3.01573000e+02
 4.07059000e+02
 5.20178000e+02
 6.28030000e+02
 7.18320000e+02
 7.80752000e+02
 8.08208000e+02
 7.97557000e+02
 7.50015000e+02
 6.71000000e+02
 5.69524000e+02
 4.57155000e+02
 3.46706000e+02
 2.50771000e+02
 1.80287000e+02
 1.43292000e+02
 1.44003000e+02
 1.82340000e+02
 2.53930000e+02
 3.50612000e+02
 4.61363000e+02
 5.73553000e+02
 6.74392000e+02
 7.52382000e+02
 7.98631000e+02
 8.07865000e+02
 7.79031000e+02
 7.15418000e+02
 6.24278000e+02
 5.16002000e+02
 4.02938000e+02
 2.97975000e+02
 2.13081000e+02
 1.57937000e+02
 1.38830000e+02
 1.57937000e+02
 2.13081000e+02
 2.97975000e+02
 4.02938000e+02
 5.16002000e+02
 6.24278000e+02
 7.15418000e+02
 7.79031000e+02
 8.07865000e+02
 7.98631000e+02
 7.52382000e+02
 6.74392000e+02
 5.73553000e+02
 4.61363000e+02
 3.50612000e+02
 2.53930000e+02
 1.82340000e+02
 1.44003000e+02
 1.43292000e+02
 1.80287000e+02
 2.50771000e+02
 3.46706000e+02
 4.57155000e+02
 5.69524000e+02
 6.71000000e+02
 7.50015000e+02
 7.97557000e+02
 8.08208000e+02
 7.80752000e+02
 7.18320000e+02
 6.28030000e+02
 5.20178000e+02
 4.07059000e+02
 3.01573000e+02
 2.15746000e+02
 1.59364000e+02
 1.38856000e+02
 1.56560000e+02
 2.10458000e+02
 2.94404000e+02
 3.98827000e+02
 5.11821000e+02
 6.20501000e+02
 7.12477000e+02
 7.77262000e+02
 8.07468000e+02
 7.99652000e+02
 7.54705000e+02
 6.77752000e+02
 5.77567000e+02
 4.65572000e+02
 3.54538000e+02
 2.57124000e+02
 1.84438000e+02
 1.44766000e+02
 1.42633000e+02
 1.78282000e+02
 2.47647000e+02
 3.42820000e+02
 4.52950000e+02
 5.65479000e+02
 6.67577000e+02
 7.47604000e+02
 7.96433000e+02
 8.08499000e+02
 7.82425000e+02
 7.21184000e+02
 6.31759000e+02
 5.24345000e+02
 4.11191000e+02
 3.05198000e+02
 2.18451000e+02
 1.60840000e+02
 1.38935000e+02
 1.55234000e+02
 2.07877000e+02
 2.90862000e+02
 3.94729000e+02
 5.07633000e+02
 6.16701000e+02
 7.09499000e+02
 7.75444000e+02
 8.07019000e+02
 8.00623000e+02
 7.56984000e+02
 6.81080000e+02
 5.81564000e+02
 4.69783000e+02
 3.58483000e+02
 2.60353000e+02
 1.86582000e+02
 1.45582000e+02
 1.42027000e+02
 1.76322000e+02
 2.44558000e+02
 3.38955000e+02
 4.48748000e+02
 5.61420000e+02
 6.64124000e+02
 7.45149000e+02
 7.95258000e+02
 8.08737000e+02
 7.84049000e+02
 7.24009000e+02
 6.35462000e+02
 5.28505000e+02
 4.15333000e+02
 3.08850000e+02
 2.21196000e+02
 1.62366000e+02
 1.39068000e+02
 1.53957000e+02
 2.05337000e+02
 2.87350000e+02
 3.90643000e+02
 5.03440000e+02
 6.12879000e+02
 7.06484000e+02
 7.73580000e+02
 8.06518000e+02
 8.01541000e+02
 7.59219000e+02
 6.84375000e+02
 5.85545000e+02
 4.73995000e+02
 3.62445000e+02
 2.63615000e+02
 1.88771000e+02
 1.46449000e+02
 1.41472000e+02
 1.74410000e+02
 2.41506000e+02
 3.35111000e+02
 4.44550000e+02
 5.57347000e+02
 6.60640000e+02
 7.42653000e+02
 7.94033000e+02
 8.08922000e+02
 7.85624000e+02
 7.26794000e+02
 6.39140000e+02
 5.32657000e+02
 4.19485000e+02
 3.12528000e+02
 2.23981000e+02
 1.63941000e+02
 1.39253000e+02
 1.52732000e+02
 2.02841000e+02
 2.83866000e+02
 3.86570000e+02
 4.99242000e+02
 6.09035000e+02
 7.03432000e+02
 7.71668000e+02
 8.05963000e+02
 8.02408000e+02
 7.61408000e+02
 6.87637000e+02
 5.89507000e+02
 4.78207000e+02
 3.66426000e+02
 2.66910000e+02
 1.91006000e+02
 1.47367000e+02
 1.40971000e+02
 1.72546000e+02
 2.38491000e+02
 3.31289000e+02
 4.40357000e+02
 5.53261000e+02
 6.57128000e+02
 7.40113000e+02
 7.92756000e+02
 8.09055000e+02
 7.87150000e+02
 7.29539000e+02
 6.42792000e+02
 5.36799000e+02
 4.23645000e+02
 3.16231000e+02
 2.26806000e+02
 1.65565000e+02
 1.39491000e+02
 1.51557000e+02
 2.00386000e+02
 2.80413000e+02
 3.82511000e+02
 4.95040000e+02
 6.05170000e+02
 7.00343000e+02
 7.69708000e+02
 8.05357000e+02
 8.03224000e+02
 7.63552000e+02
 6.90866000e+02
 5.93452000e+02
 4.82418000e+02
 3.70423000e+02
 2.70238000e+02
 1.93285000e+02
 1.48338000e+02
 1.40522000e+02
 1.70728000e+02
 2.35513000e+02
 3.27489000e+02
 4.36169000e+02
 5.49163000e+02
 6.53586000e+02
 7.37532000e+02
 7.91430000e+02
 8.09134000e+02
 7.88626000e+02
 7.32244000e+02
 6.46417000e+02
 5.40931000e+02
 4.27812000e+02
 3.19960000e+02
 2.29670000e+02
 1.67238000e+02
 1.39782000e+02
 1.50433000e+02
 1.97975000e+02
 2.76990000e+02
 3.78466000e+02
 4.90835000e+02
 6.01284000e+02
 6.97219000e+02
 7.67703000e+02
 8.04698000e+02
 8.03987000e+02
 7.65650000e+02
 6.94060000e+02
 5.97378000e+02
 4.86627000e+02
 3.74437000e+02
 2.73598000e+02
 1.95608000e+02
 1.49359000e+02
 1.40125000e+02
 1.68959000e+02
 2.32572000e+02
 3.23712000e+02
 4.31988000e+02
 5.45052000e+02
 6.50015000e+02
 7.34909000e+02
 7.90053000e+02
 8.09160000e+02
 7.90053000e+02
 7.34909000e+02
 6.50015000e+02
 5.45052000e+02
 4.31988000e+02
 3.23712000e+02
 2.32572000e+02
 1.68959000e+02
 1.40125000e+02
 1.49359000e+02
 1.95608000e+02
 2.73598000e+02
 3.74437000e+02
 4.86627000e+02
 5.97378000e+02
 6.94060000e+02
 7.65650000e+02
 8.03987000e+02
 8.04698000e+02
 7.67703000e+02
 6.97219000e+02
 6.01284000e+02
 4.90835000e+02
 3.78466000e+02
 2.76990000e+02
 1.97975000e+02
 1.50433000e+02
 1.39782000e+02
 1.67238000e+02
 2.29670000e+02
 3.19960000e+02
 4.27812000e+02
 5.40931000e+02
 6.46417000e+02
 7.32244000e+02
 7.88626000e+02
 8.09134000e+02
 7.91430000e+02
 7.37532000e+02
 6.53586000e+02
 5.49163000e+02
 4.36169000e+02
 3.27489000e+02
 2.35513000e+02
 1.70728000e+02
 1.40522000e+02
 1.48338000e+02
 1.93285000e+02
 2.70238000e+02
 3.70423000e+02
 4.82418000e+02
 5.93452000e+02
 6.90866000e+02
 7.63552000e+02
 8.03224000e+02
 8.05357000e+02
 7.69708000e+02
 7.00343000e+02
 6.05170000e+02
 4.95040000e+02
 3.82511000e+02
 2.80413000e+02
 2.00386000e+02
 1.51557000e+02
 1.39491000e+02
 1.65565000e+02
 2.26806000e+02
 3.16231000e+02
 4.23645000e+02
 5.36799000e+02
 6.42792000e+02
 7.29539000e+02
 7.87150000e+02
 8.09055000e+02
 7.92756000e+02
 7.40113000e+02
 6.57128000e+02
 5.53261000e+02
 4.40357000e+02
 3.31289000e+02
 2.38491000e+02
 1.72546000e+02
 1.40971000e+02
 1.47367000e+02
 1.91006000e+02
 2.66910000e+02
 3.66426000e+02
 4.78207000e+02
 5.89507000e+02
 6.87637000e+02
 7.61408000e+02
 8.02408000e+02
 8.05963000e+02
 7.71668000e+02
 7.03432000e+02
 6.09035000e+02
 4.99242000e+02
 3.86570000e+02
 2.83866000e+02
 2.02841000e+02
 1.52732000e+02
 1.39253000e+02
 1.63941000e+02
 2.23981000e+02
 3.12528000e+02
 4.19485000e+02
 5.32657000e+02
 6.39140000e+02
 7.26794000e+02
 7.85624000e+02
 8.08922000e+02
 7.94033000e+02
 7.42653000e+02
 6.60640000e+02
 5.57347000e+02
 4.44550000e+02
 3.35111000e+02
 2.41506000e+02
 1.74410000e+02
 1.41472000e+02
 1.46449000e+02
 1.88771000e+02
 2.63615000e+02
 3.62445000e+02
 4.73995000e+02
 5.85545000e+02
 6.84375000e+02
 7.59219000e+02
 8.01541000e+02
 8.06518000e+02
 7.73580000e+02
 7.06484000e+02
 6.12879000e+02
 5.03440000e+02
 3.90643000e+02
 2.87350000e+02
 2.05337000e+02
 1.53957000e+02
 1.39068000e+02
 1.62366000e+02
 2.21196000e+02
 3.08850000e+02
 4.15333000e+02
 5.28505000e+02
 6.35462000e+02
 7.24009000e+02
 7.84049000e+02
 8.08737000e+02
 7.95258000e+02
 7.45149000e+02
 6.64124000e+02
 5.61420000e+02
 4.48748000e+02
 3.38955000e+02
 2.44558000e+02
 1.76322000e+02
 1.42027000e+02
 1.45582000e+02
 1.86582000e+02
 2.60353000e+02
 3.58483000e+02
 4.69783000e+02
 5.81564000e+02
 6.81080000e+02
 7.56984000e+02
 8.00623000e+02
 8.07019000e+02
 7.75444000e+02
 7.09499000e+02
 6.16701000e+02
 5.07633000e+02
 3.94729000e+02
 2.90862000e+02
 2.07877000e+02
 1.55234000e+02
 1.38935000e+02
 1.60840000e+02
 2.18451000e+02
 3.05198000e+02
 4.11191000e+02
 5.24345000e+02
 6.31759000e+02
 7.21184000e+02
 7.82425000e+02
 8.08499000e+02
 7.96433000e+02
 7.47604000e+02
 6.67577000e+02
 5.65479000e+02
 4.52950000e+02
 3.42820000e+02
 2.47647000e+02
 1.78282000e+02
 1.42633000e+02
 1.44766000e+02
 1.84438000e+02
 2.57124000e+02
 3.54538000e+02
 4.65572000e+02
 5.77567000e+02
 6.77752000e+02
 7.54705000e+02
 7.99652000e+02
 8.07468000e+02
 7.77262000e+02
 7.12477000e+02
 6.20501000e+02
 5.11821000e+02
 3.98827000e+02
 2.94404000e+02
 2.10458000e+02
 1.56560000e+02
 1.38856000e+02
 1.59364000e+02
 2.15746000e+02
 3.01573000e+02
 4.07059000e+02
 5.20178000e+02
 6.28030000e+02
 7.18320000e+02
 7.80752000e+02
 8.08208000e+02
 7.97557000e+02
 7.50015000e+02
 6.71000000e+02
 5.69524000e+02
 4.57155000e+02
 3.46706000e+02
 2.50771000e+02
 1.80287000e+02
 1.43292000e+02
 1.44003000e+02
 1.82340000e+02
 2.53930000e+02
 3.50612000e+02
 4.61363000e+02
 6.14791000e+02
 7.57399000e+02
 8.67694000e+02
 9.33100000e+02
 9.46158000e+02
 9.05381000e+02
 8.15419000e+02
 6.86527000e+02
 5.33402000e+02
 3.73505000e+02
 2.25065000e+02
 1.05007000e+02
 2.70210000e+01
 0.00000000e+00
 2.70210000e+01
 1.05007000e+02
 2.25065000e+02
 3.73505000e+02
 5.33402000e+02
 6.86527000e+02
 8.15419000e+02
 9.05381000e+02
 9.46158000e+02
 9.33100000e+02
 8.67694000e+02
 7.57399000e+02
 6.14791000e+02
 4.56131000e+02
 2.99505000e+02
 1.62776000e+02
 6.15330000e+01
 7.31600000e+00
 6.31000000e+00
 5.86290000e+01
 1.58309000e+02
 2.93981000e+02
 4.50180000e+02
 6.09093000e+02
 7.52602000e+02
 8.64346000e+02
 9.31581000e+02
 9.46644000e+02
 9.07815000e+02
 8.19523000e+02
 6.91833000e+02
 5.39308000e+02
 3.79333000e+02
 2.30153000e+02
 1.08776000e+02
 2.90400000e+01
 3.70000000e-02
 2.50740000e+01
 1.01297000e+02
 2.20015000e+02
 3.67691000e+02
 5.27489000e+02
 6.81186000e+02
 8.11259000e+02
 9.02879000e+02
 9.45597000e+02
 9.34544000e+02
 8.70979000e+02
 7.62151000e+02
 6.20468000e+02
 4.62083000e+02
 3.05057000e+02
 1.67293000e+02
 6.45000000e+01
 8.39500000e+00
 5.37800000e+00
 5.57940000e+01
 1.53891000e+02
 2.88486000e+02
 4.44233000e+02
 6.03373000e+02
 7.47761000e+02
 8.60937000e+02
 9.29991000e+02
 9.47055000e+02
 9.10181000e+02
 8.23573000e+02
 6.97107000e+02
 5.45201000e+02
 3.85177000e+02
 2.35280000e+02
 1.12601000e+02
 3.11270000e+01
 1.49000000e-01
 2.31990000e+01
 9.76470000e+01
 2.15006000e+02
 3.61896000e+02
 5.21566000e+02
 6.75812000e+02
 8.07048000e+02
 9.00308000e+02
 9.44962000e+02
 9.35917000e+02
 8.74202000e+02
 7.66857000e+02
 6.26121000e+02
 4.68038000e+02
 3.10636000e+02
 1.71860000e+02
 6.75320000e+01
 9.54900000e+00
 4.52100000e+00
 5.30220000e+01
 1.49522000e+02
 2.83020000e+02
 4.38290000e+02
 5.97633000e+02
 7.42878000e+02
 8.57465000e+02
 9.28329000e+02
 9.47392000e+02
 9.12478000e+02
 8.27568000e+02
 7.02344000e+02
 5.51084000e+02
 3.91034000e+02
 2.40445000e+02
 1.16483000e+02
 3.32850000e+01
 3.37000000e-01
 2.13930000e+01
 9.40550000e+01
 2.10039000e+02
 3.56117000e+02
 5.15637000e+02
 6.70407000e+02
 8.02784000e+02
 8.97672000e+02
 9.44254000e+02
 9.37215000e+02
 8.77363000e+02
 7.71517000e+02
 6.31751000e+02
 4.73995000e+02
 3.16239000e+02
 1.76473000e+02
 7.06270000e+01
 1.07750000e+01
 3.73600000e+00
 5.03180000e+01
 1.45206000e+02
 2.77583000e+02
 4.32353000e+02
 5.91873000e+02
 7.37951000e+02
 8.53935000e+02
 9.26597000e+02
 9.47653000e+02
 9.14705000e+02
 8.31507000e+02
 7.07545000e+02
 5.56956000e+02
 3.96906000e+02
 2.45646000e+02
 1.20422000e+02
 3.55120000e+01
 5.98000000e-01
 1.96610000e+01
 9.05250000e+01
 2.05112000e+02
 3.50357000e+02
 5.09700000e+02
 6.64970000e+02
 7.98468000e+02
 8.94968000e+02
 9.43469000e+02
 9.38441000e+02
 8.80458000e+02
 7.76130000e+02
 6.37354000e+02
 4.79952000e+02
 3.21869000e+02
 1.81133000e+02
 7.37880000e+01
 1.20730000e+01
 3.02800000e+00
 4.76820000e+01
 1.40942000e+02
 2.72178000e+02
 4.26424000e+02
 5.86094000e+02
 7.32984000e+02
 8.50343000e+02
 9.24791000e+02
 9.47841000e+02
 9.16863000e+02
 8.35389000e+02
 7.12710000e+02
 5.62813000e+02
 4.02789000e+02
 2.50883000e+02
 1.24417000e+02
 3.78090000e+01
 9.35000000e-01
 1.79990000e+01
 8.70530000e+01
 2.00229000e+02
 3.44617000e+02
 5.03757000e+02
 6.59504000e+02
 7.94099000e+02
 8.92196000e+02
 9.42612000e+02
 9.39595000e+02
 8.83490000e+02
 7.80697000e+02
 6.42933000e+02
 4.85907000e+02
 3.27522000e+02
 1.85839000e+02
 7.70110000e+01
 1.34460000e+01
 2.39300000e+00
 4.51110000e+01
 1.36731000e+02
 2.66804000e+02
 4.20501000e+02
 5.80299000e+02
 7.27975000e+02
 8.46693000e+02
 9.22916000e+02
 9.47953000e+02
 9.18950000e+02
 8.39214000e+02
 7.17837000e+02
 5.68657000e+02
 4.08682000e+02
 2.56157000e+02
 1.28467000e+02
 4.01750000e+01
 1.34600000e+00
 1.64090000e+01
 8.36440000e+01
 1.95388000e+02
 3.38897000e+02
 4.97810000e+02
 6.54009000e+02
 7.89681000e+02
 8.89361000e+02
 9.41680000e+02
 9.40674000e+02
 8.86457000e+02
 7.85214000e+02
 6.48485000e+02
 4.91859000e+02
 3.33199000e+02
 1.90591000e+02
 8.02960000e+01
 1.48900000e+01
 1.83200000e+00
 4.26090000e+01
 1.32571000e+02
 2.61463000e+02
 4.14588000e+02
 5.74485000e+02
 7.22925000e+02
 8.42983000e+02
 9.20969000e+02
 9.47990000e+02
 9.20969000e+02
 8.42983000e+02
 7.22925000e+02
 5.74485000e+02
 4.14588000e+02
 2.61463000e+02
 1.32571000e+02
 4.26090000e+01
 1.83200000e+00
 1.48900000e+01
 8.02960000e+01
 1.90591000e+02
 3.33199000e+02
 4.91859000e+02
 6.48485000e+02
 7.85214000e+02
 8.86457000e+02
 9.40674000e+02
 9.41680000e+02
 8.89361000e+02
 7.89681000e+02
 6.54009000e+02
 4.97810000e+02
 3.38897000e+02
 1.95388000e+02
 8.36440000e+01
 1.64090000e+01
 1.34600000e+00
 4.01750000e+01
 1.28467000e+02
 2.56157000e+02
 4.08682000e+02
 5.68657000e+02
 7.17837000e+02
 8.39214000e+02
 9.18950000e+02
 9.47953000e+02
 9.22916000e+02
 8.46693000e+02
 7.27975000e+02
 5.80299000e+02
 4.20501000e+02
 2.66804000e+02
 1.36731000e+02
 4.51110000e+01
 2.39300000e+00
 1.34460000e+01
 7.70110000e+01
 1.85839000e+02
 3.27522000e+02
 4.85907000e+02
 6.42933000e+02
 7.80697000e+02
 8.83490000e+02
 9.39595000e+02
 9.42612000e+02
 8.92196000e+02
 7.94099000e+02
 6.59504000e+02
 5.03757000e+02
 3.44617000e+02
 2.00229000e+02
 8.70530000e+01
 1.79990000e+01
 9.35000000e-01
 3.78090000e+01
 1.24417000e+02
 2.50883000e+02
 4.02789000e+02
 5.62813000e+02
 7.12710000e+02
 8.35389000e+02
 9.16863000e+02
 9.47841000e+02
 9.24791000e+02
 8.50343000e+02
 7.32984000e+02
 5.86094000e+02
 4.26424000e+02
 2.72178000e+02
 1.40942000e+02
 4.76820000e+01
 3.02800000e+00
 1.20730000e+01
 7.37880000e+01
 1.81133000e+02
 3.21869000e+02
 4.79952000e+02
 6.37354000e+02
 7.76130000e+02
 8.80458000e+02
 9.38441000e+02
 9.43469000e+02
 8.94968000e+02
 7.98468000e+02
 6.64970000e+02
 5.09700000e+02
 3.50357000e+02
 2.05112000e+02
 9.05250000e+01
 1.96610000e+01
 5.98000000e-01
 3.55120000e+01
 1.20422000e+02
 2.45646000e+02
 3.96906000e+02
 5.56956000e+02
 7.07545000e+02
 8.31507000e+02
 9.14705000e+02
 9.47653000e+02
 9.26597000e+02
 8.53935000e+02
 7.37951000e+02
 5.91873000e+02
 4.32353000e+02
 2.77583000e+02
 1.45206000e+02
 5.03180000e+01
 3.73600000e+00
 1.07750000e+01
 7.06270000e+01
 1.76473000e+02
 3.16239000e+02
 4.73995000e+02
