 2.37000000e+02
 2.88699900e+02
 3.37909700e+02
 3.82259000e+02
 4.19611600e+02
 4.48168500e+02
 4.66554200e+02
 4.73883100e+02
 4.69802100e+02
 4.54507800e+02
 4.28737000e+02
 3.93730900e+02
 3.51175600e+02
 3.03120900e+02
 2.51881400e+02
 1.99925000e+02
 1.49754500e+02
 1.03786200e+02
 6.42344000e+01
 3.30041000e+01
 1.15996000e+01
 1.05180000e+00
 1.86880000e+00
 1.40113000e+01
 3.68943000e+01
 6.94157000e+01
 1.10009000e+02
 1.56719100e+02
 2.07296000e+02
 2.59303700e+02
 3.10237000e+02
 3.57642800e+02
 3.99237700e+02
 4.33018100e+02
 4.57357000e+02
 4.71082100e+02
 4.73532300e+02
 4.64589600e+02
 4.44684700e+02
 4.14776300e+02
 3.76305100e+02
 3.31124100e+02
 2.81409400e+02
 2.29555700e+02
 1.78060500e+02
 1.29404300e+02
 8.59305000e+01
 4.97333000e+01
 2.25560000e+01
 5.70770000e+00
 0.00000000e+00
 5.70770000e+00
 2.25560000e+01
 4.97333000e+01
 8.59305000e+01
 1.29404300e+02
 1.78060500e+02
 2.29555700e+02
 2.81409400e+02
 3.31124100e+02
 3.76305100e+02
 4.14776300e+02
 4.44684700e+02
 4.64589600e+02
 4.73532300e+02
 4.71082100e+02
 4.57357000e+02
 4.33018100e+02
 3.99237700e+02
 3.57642800e+02
 3.10237000e+02
 2.59303700e+02
 2.07296000e+02
 1.56719100e+02
 1.10009000e+02
 6.94157000e+01
 3.68943000e+01
 1.40113000e+01
 1.86880000e+00
 1.05180000e+00
 1.15996000e+01
 3.30041000e+01
 6.42344000e+01
 1.03786200e+02
 1.49754500e+02
 1.99925000e+02
 2.51881400e+02
 3.03120900e+02
 3.51175600e+02
 3.93730900e+02
 4.28737000e+02
 4.54507800e+02
 4.69802100e+02
 4.73883100e+02
 4.66554200e+02
 4.48168500e+02
 4.19611600e+02
 3.82259000e+02
 3.37909700e+02
 2.88699900e+02
 2.37000000e+02
 1.85300100e+02
 1.36090300e+02
 9.17410000e+01
 5.43884000e+01
 2.58315000e+01
 7.44580000e+00
 1.16900000e-01
 4.19790000e+00
 1.94922000e+01
 4.52630000e+01
 8.02691000e+01
 1.22824400e+02
 1.70879100e+02
 2.22118600e+02
 2.74075000e+02
 3.24245500e+02
 3.70213800e+02
 4.09765600e+02
 4.40995900e+02
 4.62400400e+02
 4.72948200e+02
 4.72131200e+02
 4.59988700e+02
 4.37105700e+02
 4.04584300e+02
 3.63991000e+02
 3.17280900e+02
 2.66704000e+02
 2.14696300e+02
 1.63763000e+02
 1.16357200e+02
 7.47623000e+01
 4.09819000e+01
 1.66430000e+01
 2.91790000e+00
 4.67700000e-01
 9.41040000e+00
 2.93153000e+01
 5.92237000e+01
 9.76949000e+01
 1.42875900e+02
 1.92590600e+02
 2.44444300e+02
 2.95939500e+02
 3.44595700e+02
 3.88069500e+02
 4.24266700e+02
 4.51444000e+02
 4.68292300e+02
 4.74000000e+02
 4.68292300e+02
 4.51444000e+02
 4.24266700e+02
 3.88069500e+02
 3.44595700e+02
 2.95939500e+02
 2.44444300e+02
 1.92590600e+02
 1.42875900e+02
 9.76949000e+01
 5.92237000e+01
 2.93153000e+01
 9.41040000e+00
 4.67700000e-01
 2.91790000e+00
 1.66430000e+01
 4.09819000e+01
 7.47623000e+01
 1.16357200e+02
 1.63763000e+02
 2.14696300e+02
 2.66704000e+02
 3.17280900e+02
 3.63991000e+02
 4.04584300e+02
 4.37105700e+02
 4.59988700e+02
 4.72131200e+02
 4.72948200e+02
 4.62400400e+02
 4.40995900e+02
 4.09765600e+02
 3.70213800e+02
 3.24245500e+02
 2.74075000e+02
 2.22118600e+02
 1.70879100e+02
 1.22824400e+02
 8.02691000e+01
 4.52630000e+01
 1.94922000e+01
 4.19790000e+00
 1.16900000e-01
 7.44580000e+00
 2.58315000e+01
 5.43884000e+01
 9.17410000e+01
 1.36090300e+02
 1.85300100e+02
 2.37000000e+02
 2.88699900e+02
 3.37909700e+02
 3.82259000e+02
 4.19611600e+02
 4.48168500e+02
 4.66554200e+02
 4.73883100e+02
 4.69802100e+02
 4.54507800e+02
 4.28737000e+02
 3.93730900e+02
 3.51175600e+02
 3.03120900e+02
 2.51881400e+02
 1.99925000e+02
 1.49754500e+02
 1.03786200e+02
 6.42344000e+01
 3.30041000e+01
 1.15996000e+01
 1.05180000e+00
 1.86880000e+00
 1.40113000e+01
 3.68943000e+01
 6.94157000e+01
 1.10009000e+02
 1.56719100e+02
 2.07296000e+02
 2.59303700e+02
 3.10237000e+02
 3.57642800e+02
 3.99237700e+02
 4.33018100e+02
 4.57357000e+02
 4.71082100e+02
 4.73532300e+02
 4.64589600e+02
 4.44684700e+02
 4.14776300e+02
 3.76305100e+02
 3.31124100e+02
 2.81409400e+02
 2.29555700e+02
 1.78060500e+02
 1.29404300e+02
 8.59305000e+01
 4.97333000e+01
 2.25560000e+01
 5.70770000e+00
 0.00000000e+00
 5.70770000e+00
 2.25560000e+01
 4.97333000e+01
 8.59305000e+01
 1.29404300e+02
 1.78060500e+02
 2.29555700e+02
 2.81409400e+02
 3.31124100e+02
 3.76305100e+02
 4.14776300e+02
 4.44684700e+02
 4.64589600e+02
 4.73532300e+02
 4.71082100e+02
 4.57357000e+02
 4.33018100e+02
 3.99237700e+02
 3.57642800e+02
 3.10237000e+02
 2.59303700e+02
 2.07296000e+02
 1.56719100e+02
 1.10009000e+02
 6.94157000e+01
 3.68943000e+01
 1.40113000e+01
 1.86880000e+00
 1.05180000e+00
 1.15996000e+01
 3.30041000e+01
 6.42344000e+01
 1.03786200e+02
 1.49754500e+02
 1.99925000e+02
 2.51881400e+02
 3.03120900e+02
 3.51175600e+02
 3.93730900e+02
 4.28737000e+02
 4.54507800e+02
 4.69802100e+02
 4.73883100e+02
 4.66554200e+02
 4.48168500e+02
 4.19611600e+02
 3.82259000e+02
 3.37909700e+02
 2.88699900e+02
 2.37000000e+02
 1.85300100e+02
 1.36090300e+02
 9.17410000e+01
 5.43884000e+01
 2.58315000e+01
 7.44580000e+00
 1.16900000e-01
 4.19790000e+00
 1.94922000e+01
 4.52630000e+01
 8.02691000e+01
 1.22824400e+02
 1.70879100e+02
 2.22118600e+02
 2.74075000e+02
 3.24245500e+02
 3.70213800e+02
 4.09765600e+02
 4.40995900e+02
 4.62400400e+02
 4.72948200e+02
 4.72131200e+02
 4.59988700e+02
 4.37105700e+02
 4.04584300e+02
 3.63991000e+02
 3.17280900e+02
 2.66704000e+02
 2.14696300e+02
 1.63763000e+02
 1.16357200e+02
 7.47623000e+01
 4.09819000e+01
 1.66430000e+01
 2.91790000e+00
 4.67700000e-01
 9.41040000e+00
 2.93153000e+01
 5.92237000e+01
 9.76949000e+01
 1.42875900e+02
 1.92590600e+02
 2.44444300e+02
 2.95939500e+02
 3.44595700e+02
 3.88069500e+02
 4.24266700e+02
 4.51444000e+02
 4.68292300e+02
 4.74000000e+02
 4.68292300e+02
 4.51444000e+02
 4.24266700e+02
 3.88069500e+02
 3.44595700e+02
 2.95939500e+02
 2.44444300e+02
 1.92590600e+02
 1.42875900e+02
 9.76949000e+01
 5.92237000e+01
 2.93153000e+01
 9.41040000e+00
 4.67700000e-01
 2.91790000e+00
 1.66430000e+01
 4.09819000e+01
 7.47623000e+01
 1.16357200e+02
 1.63763000e+02
 2.14696300e+02
 2.66704000e+02
 3.17280900e+02
 3.63991000e+02
 4.04584300e+02
 4.37105700e+02
 4.59988700e+02
 4.72131200e+02
 4.72948200e+02
 4.62400400e+02
 4.40995900e+02
 4.09765600e+02
 3.70213800e+02
 3.24245500e+02
 2.74075000e+02
 2.22118600e+02
 1.70879100e+02
 1.22824400e+02
 8.02691000e+01
 4.52630000e+01
 1.94922000e+01
 4.19790000e+00
 1.16900000e-01
 7.44580000e+00
 2.58315000e+01
 5.43884000e+01
 9.17410000e+01
 1.36090300e+02
 1.85300100e+02
 2.37000000e+02
 2.88699900e+02
 3.37909700e+02
 3.82259000e+02
 4.19611600e+02
 4.48168500e+02
 4.66554200e+02
 4.73883100e+02
 4.69802100e+02
 4.54507800e+02
 4.28737000e+02
 3.93730900e+02
 3.51175600e+02
 3.03120900e+02
 2.51881400e+02
 1.99925000e+02
 1.49754500e+02
 1.03786200e+02
 6.42344000e+01
 3.30041000e+01
 1.15996000e+01
 1.05180000e+00
 1.86880000e+00
 1.40113000e+01
 3.68943000e+01
 6.94157000e+01
 1.10009000e+02
 1.56719100e+02
 2.07296000e+02
 2.59303700e+02
 3.10237000e+02
 3.57642800e+02
 3.99237700e+02
 4.33018100e+02
 4.57357000e+02
 4.71082100e+02
 4.73532300e+02
 4.64589600e+02
 4.44684700e+02
 4.14776300e+02
 3.76305100e+02
 3.31124100e+02
 2.81409400e+02
 2.29555700e+02
 1.78060500e+02
 1.29404300e+02
 8.59305000e+01
 4.97333000e+01
 2.25560000e+01
 5.70770000e+00
 0.00000000e+00
 5.70770000e+00
 2.25560000e+01
 4.97333000e+01
 8.59305000e+01
 1.29404300e+02
 1.78060500e+02
 2.29555700e+02
 2.81409400e+02
 3.31124100e+02
 3.76305100e+02
 4.14776300e+02
 4.44684700e+02
 4.64589600e+02
 4.73532300e+02
 4.71082100e+02
 4.57357000e+02
 4.33018100e+02
 3.99237700e+02
 3.57642800e+02
 3.10237000e+02
 2.59303700e+02
 2.07296000e+02
 1.56719100e+02
 1.10009000e+02
 6.94157000e+01
 3.68943000e+01
 1.40113000e+01
 1.86880000e+00
 1.05180000e+00
 1.15996000e+01
 3.30041000e+01
 6.42344000e+01
 1.03786200e+02
 1.49754500e+02
 1.99925000e+02
 2.51881400e+02
 3.03120900e+02
 3.51175600e+02
 3.93730900e+02
 4.28737000e+02
 4.54507800e+02
 4.69802100e+02
 4.73883100e+02
 4.66554200e+02
 4.48168500e+02
 4.19611600e+02
 3.82259000e+02
 3.37909700e+02
 2.88699900e+02
 2.37000000e+02
 1.85300100e+02
 1.36090300e+02
 9.17410000e+01
 5.43884000e+01
 2.58315000e+01
 7.44580000e+00
 1.16900000e-01
 4.19790000e+00
 1.94922000e+01
 4.52630000e+01
 8.02691000e+01
 1.22824400e+02
 1.70879100e+02
 2.22118600e+02
 2.74075000e+02
 3.24245500e+02
 3.70213800e+02
 4.09765600e+02
 4.40995900e+02
 4.62400400e+02
 4.72948200e+02
 4.72131200e+02
 4.59988700e+02
 4.37105700e+02
 4.04584300e+02
 3.63991000e+02
 3.17280900e+02
 2.66704000e+02
 2.14696300e+02
 1.63763000e+02
 1.16357200e+02
 7.47623000e+01
 4.09819000e+01
 1.66430000e+01
 2.91790000e+00
 4.67700000e-01
 9.41040000e+00
 2.93153000e+01
 5.92237000e+01
 9.76949000e+01
 1.42875900e+02
 1.92590600e+02
 2.44444300e+02
 2.95939500e+02
 3.44595700e+02
 3.88069500e+02
 4.24266700e+02
 4.51444000e+02
 4.68292300e+02
 4.74000000e+02
 4.68292300e+02
 4.51444000e+02
 4.24266700e+02
 3.88069500e+02
 3.44595700e+02
 2.95939500e+02
 2.44444300e+02
 1.92590600e+02
 1.42875900e+02
 9.76949000e+01
 5.92237000e+01
 2.93153000e+01
 9.41040000e+00
 4.67700000e-01
 2.91790000e+00
 1.66430000e+01
 4.09819000e+01
 7.47623000e+01
 1.16357200e+02
 1.63763000e+02
 2.14696300e+02
 2.66704000e+02
 3.17280900e+02
 3.63991000e+02
 4.04584300e+02
 4.37105700e+02
 4.59988700e+02
 4.72131200e+02
 4.72948200e+02
 4.62400400e+02
 4.40995900e+02
 4.09765600e+02
 3.70213800e+02
 3.24245500e+02
 2.74075000e+02
 2.22118600e+02
 1.70879100e+02
 1.22824400e+02
 8.02691000e+01
 4.52630000e+01
 1.94922000e+01
 4.19790000e+00
 1.16900000e-01
 7.44580000e+00
 2.58315000e+01
 5.43884000e+01
 9.17410000e+01
 1.36090300e+02
 1.85300100e+02
 2.37000000e+02
 2.88699900e+02
 3.37909700e+02
 3.82259000e+02
 4.19611600e+02
 4.48168500e+02
 4.66554200e+02
 4.73883100e+02
 4.69802100e+02
 4.54507800e+02
 4.28737000e+02
 3.93730900e+02
 3.51175600e+02
 3.03120900e+02
 2.51881400e+02
 1.99925000e+02
 1.49754500e+02
 1.03786200e+02
 6.42344000e+01
 3.30041000e+01
 1.15996000e+01
 1.05180000e+00
 1.86880000e+00
 1.40113000e+01
 3.68943000e+01
 6.94157000e+01
 1.10009000e+02
 1.56719100e+02
 2.07296000e+02
 2.59303700e+02
 3.10237000e+02
 3.57642800e+02
 3.99237700e+02
 4.33018100e+02
 4.57357000e+02
 4.71082100e+02
 4.73532300e+02
 4.64589600e+02
 4.44684700e+02
 4.14776300e+02
 3.76305100e+02
 3.31124100e+02
 2.81409400e+02
 2.29555700e+02
 1.78060500e+02
 1.29404300e+02
 8.59305000e+01
 4.97333000e+01
 2.25560000e+01
 5.70770000e+00
 0.00000000e+00
 5.70770000e+00
 2.25560000e+01
 4.97333000e+01
 8.59305000e+01
 1.29404300e+02
 1.78060500e+02
 2.29555700e+02
 2.81409400e+02
 3.31124100e+02
 3.76305100e+02
 4.14776300e+02
 4.44684700e+02
 4.64589600e+02
 4.73532300e+02
 4.71082100e+02
 4.57357000e+02
 4.33018100e+02
 3.99237700e+02
 3.57642800e+02
 3.10237000e+02
 2.59303700e+02
 2.07296000e+02
 1.56719100e+02
 1.10009000e+02
 6.94157000e+01
 3.68943000e+01
 1.40113000e+01
 1.86880000e+00
 1.05180000e+00
 1.15996000e+01
 3.30041000e+01
 6.42344000e+01
 1.03786200e+02
 1.49754500e+02
 1.99925000e+02
 2.51881400e+02
 3.03120900e+02
 3.51175600e+02
 3.93730900e+02
 4.28737000e+02
 4.54507800e+02
 4.69802100e+02
 4.73883100e+02
 4.66554200e+02
 4.48168500e+02
 4.19611600e+02
 3.82259000e+02
 3.37909700e+02
 2.88699900e+02
 2.37000000e+02
 1.85300100e+02
 1.36090300e+02
 9.17410000e+01
 5.43884000e+01
 2.58315000e+01
 7.44580000e+00
 1.16900000e-01
 4.19790000e+00
 1.94922000e+01
 4.52630000e+01
 8.02691000e+01
 1.22824400e+02
 1.70879100e+02
 2.22118600e+02
 2.74075000e+02
 3.24245500e+02
 3.70213800e+02
 4.09765600e+02
 4.40995900e+02
 4.62400400e+02
 4.72948200e+02
 4.72131200e+02
 4.59988700e+02
 4.37105700e+02
 4.04584300e+02
 3.63991000e+02
 3.17280900e+02
 2.66704000e+02
 2.14696300e+02
 1.63763000e+02
 1.16357200e+02
 7.47623000e+01
 4.09819000e+01
 1.66430000e+01
 2.91790000e+00
 4.67700000e-01
 9.41040000e+00
 2.93153000e+01
 5.92237000e+01
 9.76949000e+01
 1.42875900e+02
 1.92590600e+02
 2.44444300e+02
 2.95939500e+02
 3.44595700e+02
 3.88069500e+02
 4.24266700e+02
 4.51444000e+02
 4.68292300e+02
 4.74000000e+02
 4.68292300e+02
 4.51444000e+02
 4.24266700e+02
 3.88069500e+02
 3.44595700e+02
 2.95939500e+02
 2.44444300e+02
 1.92590600e+02
 1.42875900e+02
 9.76949000e+01
 5.92237000e+01
 2.93153000e+01
 9.41040000e+00
 4.67700000e-01
 2.91790000e+00
 1.66430000e+01
 4.09819000e+01
 7.47623000e+01
 1.16357200e+02
 1.63763000e+02
 2.14696300e+02
 2.66704000e+02
 3.17280900e+02
 3.63991000e+02
 4.04584300e+02
 4.37105700e+02
 4.59988700e+02
 4.72131200e+02
 4.72948200e+02
 4.62400400e+02
 4.40995900e+02
 4.09765600e+02
 3.70213800e+02
 3.24245500e+02
 2.74075000e+02
 2.22118600e+02
 1.70879100e+02
 1.22824400e+02
 8.02691000e+01
 4.52630000e+01
 1.94922000e+01
 4.19790000e+00
 1.16900000e-01
 7.44580000e+00
 2.58315000e+01
 5.43884000e+01
 9.17410000e+01
 1.36090300e+02
 1.85300100e+02
 2.37000000e+02
 2.88699900e+02
 3.37909700e+02
 3.82259000e+02
 4.19611600e+02
 4.48168500e+02
 4.66554200e+02
 4.73883100e+02
 4.69802100e+02
 4.54507800e+02
 4.28737000e+02
 3.93730900e+02
 3.51175600e+02
 3.03120900e+02
 2.51881400e+02
 1.99925000e+02
 1.49754500e+02
 1.03786200e+02
 6.42344000e+01
 3.30041000e+01
 1.15996000e+01
 1.05180000e+00
 1.86880000e+00
 1.40113000e+01
 3.68943000e+01
 6.94157000e+01
 1.10009000e+02
 1.56719100e+02
 2.07296000e+02
 2.59303700e+02
 3.10237000e+02
 3.57642800e+02
 3.99237700e+02
 4.33018100e+02
 4.57357000e+02
 4.71082100e+02
 4.73532300e+02
 4.64589600e+02
 4.44684700e+02
 4.14776300e+02
 3.76305100e+02
 3.31124100e+02
 2.81409400e+02
 2.29555700e+02
 1.78060500e+02
 1.29404300e+02
 8.59305000e+01
 4.97333000e+01
 2.25560000e+01
 5.70770000e+00
 0.00000000e+00
 5.70770000e+00
 2.25560000e+01
 4.97333000e+01
 8.59305000e+01
 1.29404300e+02
 1.78060500e+02
 2.29555700e+02
 2.81409400e+02
 3.31124100e+02
 3.76305100e+02
 4.14776300e+02
 4.44684700e+02
 4.64589600e+02
 4.73532300e+02
 4.71082100e+02
 4.57357000e+02
 4.33018100e+02
 3.99237700e+02
 3.57642800e+02
 3.10237000e+02
 2.59303700e+02
 2.07296000e+02
 1.56719100e+02
 1.10009000e+02
 6.94157000e+01
 3.68943000e+01
 1.40113000e+01
 1.86880000e+00
 1.05180000e+00
 1.15996000e+01
 3.30041000e+01
 6.42344000e+01
 1.03786200e+02
 1.49754500e+02
 1.99925000e+02
 2.51881400e+02
 3.03120900e+02
 3.51175600e+02
 3.93730900e+02
 4.28737000e+02
 4.54507800e+02
 4.69802100e+02
 4.73883100e+02
 4.66554200e+02
 4.48168500e+02
 4.19611600e+02
 3.82259000e+02
 3.37909700e+02
 2.88699900e+02
 2.37000000e+02
 1.85300100e+02
 1.36090300e+02
 9.17410000e+01
 5.43884000e+01
 2.58315000e+01
 7.44580000e+00
 1.16900000e-01
 4.19790000e+00
 1.94922000e+01
 4.52630000e+01
 8.02691000e+01
 1.22824400e+02
 1.70879100e+02
 2.22118600e+02
 2.74075000e+02
 3.24245500e+02
 3.70213800e+02
 4.09765600e+02
 4.40995900e+02
 4.62400400e+02
 4.72948200e+02
 4.72131200e+02
 4.59988700e+02
 4.37105700e+02
 4.04584300e+02
 3.63991000e+02
 3.17280900e+02
 2.66704000e+02
 2.14696300e+02
 1.63763000e+02
 1.16357200e+02
 7.47623000e+01
 4.09819000e+01
 1.66430000e+01
 2.91790000e+00
 4.67700000e-01
 9.41040000e+00
 2.93153000e+01
 5.92237000e+01
 9.76949000e+01
 1.42875900e+02
 1.92590600e+02
 2.44444300e+02
 2.95939500e+02
 3.44595700e+02
 3.88069500e+02
 4.24266700e+02
 4.51444000e+02
 4.68292300e+02
 4.74000000e+02
 4.68292300e+02
 4.51444000e+02
 4.24266700e+02
 3.88069500e+02
 3.44595700e+02
 2.95939500e+02
 2.44444300e+02
 1.92590600e+02
 1.42875900e+02
 9.76949000e+01
 5.92237000e+01
 2.93153000e+01
 9.41040000e+00
 4.67700000e-01
 2.91790000e+00
 1.66430000e+01
 4.09819000e+01
 7.47623000e+01
 1.16357200e+02
 1.63763000e+02
 2.14696300e+02
 2.66704000e+02
 3.17280900e+02
 3.63991000e+02
 4.04584300e+02
 4.37105700e+02
 4.59988700e+02
 4.72131200e+02
 4.72948200e+02
 4.62400400e+02
 4.40995900e+02
 4.09765600e+02
 3.70213800e+02
 3.24245500e+02
 2.74075000e+02
 2.22118600e+02
 1.70879100e+02
 1.22824400e+02
 8.02691000e+01
 4.52630000e+01
 1.94922000e+01
 4.19790000e+00
 1.16900000e-01
 7.44580000e+00
 2.58315000e+01
 5.43884000e+01
 9.17410000e+01
 1.36090300e+02
 1.85300100e+02
 2.37000000e+02
