 3.35165000e+02
 4.44727000e+02
 5.42250000e+02
 6.17021000e+02
 6.60822000e+02
 6.68843000e+02
 6.40201000e+02
 5.78044000e+02
 4.89200000e+02
 3.83432000e+02
 2.72361000e+02
 1.68191000e+02
 8.23660000e+01
 2.43170000e+01
 4.23000000e-01
 1.33080000e+01
 6.15560000e+01
 1.39867000e+02
 2.39636000e+02
 3.49902000e+02
 4.58548000e+02
 5.53637000e+02
 6.24722000e+02
 6.63993000e+02
 6.67133000e+02
 6.33799000e+02
 5.67654000e+02
 4.75963000e+02
 3.68803000e+02
 2.57946000e+02
 1.55574000e+02
 7.29350000e+01
 1.91070000e+01
 6.00000000e-03
 1.77300000e+01
 7.03320000e+01
 1.52032000e+02
 2.53854000e+02
 3.64610000e+02
 4.72130000e+02
 5.64602000e+02
 6.31864000e+02
 6.66527000e+02
 6.64782000e+02
 6.26820000e+02
 5.56814000e+02
 4.62454000e+02
 3.54108000e+02
 2.43681000e+02
 1.43306000e+02
 6.40110000e+01
 1.45080000e+01
 2.38000000e-01
 2.27670000e+01
 7.96210000e+01
 1.64552000e+02
 2.68229000e+02
 3.35165000e+02
 4.28673000e+02
 5.14756000e+02
 5.86576000e+02
 6.38432000e+02
 6.66204000e+02
 6.67688000e+02
 6.42765000e+02
 5.93414000e+02
 5.23556000e+02
 4.38737000e+02
 3.45693000e+02
 2.51813000e+02
 1.64552000e+02
 9.08400000e+01
 3.65310000e+01
 5.93600000e+00
 1.48700000e+00
 2.35360000e+01
 7.03320000e+01
 1.38160000e+02
 2.21632000e+02
 3.14120000e+02
 4.08279000e+02
 4.96632000e+02
 5.72163000e+02
 6.28873000e+02
 6.62259000e+02
 6.69669000e+02
 6.50516000e+02
 6.06319000e+02
 5.40590000e+02
 4.58548000e+02
 3.66707000e+02
 2.72361000e+02
 1.83003000e+02
 1.05728000e+02
 4.66740000e+01
 1.05290000e+01
 1.65000000e-01
 1.64040000e+01
 5.79560000e+01
 1.21523000e+02
 2.02055000e+02
 2.93158000e+02
 3.87596000e+02
 4.77871000e+02
 5.56814000e+02
 6.18154000e+02
 6.57022000e+02
 6.70330000e+02
 6.57022000e+02
 6.18154000e+02
 5.56814000e+02
 4.77871000e+02
 3.87596000e+02
 2.93158000e+02
 2.02055000e+02
 1.21523000e+02
 5.79560000e+01
 1.64040000e+01
 1.65000000e-01
 1.05290000e+01
 4.66740000e+01
 1.05728000e+02
 1.83003000e+02
 2.72361000e+02
 3.66707000e+02
 4.58548000e+02
 5.40590000e+02
 6.06319000e+02
 6.50516000e+02
 6.69669000e+02
 6.62259000e+02
 6.28873000e+02
 5.72163000e+02
 4.96632000e+02
 4.08279000e+02
 3.14120000e+02
 2.21632000e+02
 1.38160000e+02
 7.03320000e+01
 2.35360000e+01
 1.48700000e+00
 5.93600000e+00
 3.65310000e+01
 9.08400000e+01
 1.64552000e+02
 2.51813000e+02
 3.45693000e+02
 4.38737000e+02
 5.23556000e+02
 5.93414000e+02
 6.42765000e+02
 6.67688000e+02
 6.66204000e+02
 6.38432000e+02
 5.86576000e+02
 5.14756000e+02
 4.28673000e+02
 3.35165000e+02
 2.41657000e+02
 1.55574000e+02
 8.37540000e+01
 3.18980000e+01
 4.12600000e+00
 2.64200000e+00
 2.75650000e+01
 7.69160000e+01
 1.46774000e+02
 2.31593000e+02
 3.24637000e+02
 3.35165000e+02
 4.32710000e+02
 5.21810000e+02
 5.94752000e+02
 6.45219000e+02
 6.68843000e+02
 6.63578000e+02
 6.29881000e+02
 5.70669000e+02
 4.91068000e+02
 3.97969000e+02
 2.99433000e+02
 2.03990000e+02
 1.19904000e+02
 5.44550000e+01
 1.33080000e+01
 2.60000000e-02
 1.57590000e+01
 5.91450000e+01
 1.26428000e+02
 2.11782000e+02
 3.07819000e+02
 4.06222000e+02
 4.98474000e+02
 5.76588000e+02
 6.33799000e+02
 6.65157000e+02
 6.67945000e+02
 6.41922000e+02
 5.89342000e+02
 5.14756000e+02
 4.24621000e+02
 3.26742000e+02
 2.29592000e+02
 1.41583000e+02
 7.03320000e+01
 2.20100000e+01
 8.00000000e-01
 8.53700000e+00
 4.45530000e+01
 1.05728000e+02
 1.86768000e+02
 2.80655000e+02
 3.79261000e+02
 4.74049000e+02
 5.56814000e+02
 6.20389000e+02
 6.59271000e+02
 6.70092000e+02
 6.51917000e+02
 6.06319000e+02
 5.37246000e+02
 4.50677000e+02
 3.54108000e+02
 2.55899000e+02
 1.64552000e+02
 8.79760000e+01
 3.28010000e+01
 3.80300000e+00
 3.49300000e+00
 3.18980000e+01
 8.65590000e+01
 1.62743000e+02
 2.53854000e+02
 3.52005000e+02
 4.48698000e+02
 5.35562000e+02
 6.05076000e+02
 6.51223000e+02
 6.70006000e+02
 6.59801000e+02
 6.21489000e+02
 5.58389000e+02
 4.75963000e+02
 3.81348000e+02
 2.82734000e+02
 1.88659000e+02
 1.07268000e+02
 4.56080000e+01
 9.01600000e+00
 6.61000000e-01
 2.12660000e+01
 6.90470000e+01
 1.39867000e+02
 2.27596000e+02
 3.24637000e+02
 4.22590000e+02
 5.12974000e+02
 5.87964000e+02
 6.41068000e+02
 6.67688000e+02
 6.65519000e+02
 6.34750000e+02
 5.78044000e+02
 5.00310000e+02
 4.08279000e+02
 3.09918000e+02
 2.13743000e+02
 1.28080000e+02
 6.03450000e+01
 1.64040000e+01
 5.90000000e-02
 1.27270000e+01
 5.33090000e+01
 1.18294000e+02
 2.02055000e+02
 2.97339000e+02
 3.95899000e+02
 4.89200000e+02
 5.69166000e+02
 6.28873000e+02
 6.63151000e+02
 6.69035000e+02
 6.46013000e+02
 5.96079000e+02
 5.23556000e+02
 4.34723000e+02
 3.37271000e+02
 2.39636000e+02
 1.50272000e+02
 7.69160000e+01
 2.59170000e+01
 1.69200000e+00
 6.33700000e+00
 3.94520000e+01
 9.81670000e+01
 1.77401000e+02
 2.70294000e+02
 3.68803000e+02
 4.64399000e+02
 5.48807000e+02
 6.14719000e+02
 6.56428000e+02
 6.70324000e+02
 6.55203000e+02
 6.12374000e+02
 5.45545000e+02
 4.60503000e+02
 3.64610000e+02
 2.66167000e+02
 1.73698000e+02
 9.52080000e+01
 3.74920000e+01
 5.54800000e+00
 2.14100000e+00
 2.75650000e+01
 7.96210000e+01
 1.53800000e+02
 2.43681000e+02
 3.41482000e+02
 4.38737000e+02
 5.27024000e+02
 5.98702000e+02
 6.47563000e+02
 6.69378000e+02
 6.62259000e+02
 6.26820000e+02
 5.66132000e+02
 4.85448000e+02
 3.91752000e+02
 2.93158000e+02
 1.98200000e+02
 1.15100000e+02
 5.10530000e+01
 1.16030000e+01
 1.65000000e-01
 1.77300000e+01
 6.27780000e+01
 1.31408000e+02
 2.17678000e+02
 3.14120000e+02
 4.12384000e+02
 5.03962000e+02
 5.80927000e+02
 6.36614000e+02
 6.66204000e+02
 6.67133000e+02
 6.39322000e+02
 5.85179000e+02
 5.09390000e+02
 4.18517000e+02
 3.20428000e+02
 2.23615000e+02
 1.36460000e+02
 6.65070000e+01
 1.98140000e+01
 4.23000000e-01
 1.00120000e+01
 4.77520000e+01
 1.10374000e+02
 1.92459000e+02
 2.86898000e+02
 3.35165000e+02
 4.34723000e+02
 5.25294000e+02
 5.98702000e+02
 6.48320000e+02
 6.69669000e+02
 6.60822000e+02
 6.22578000e+02
 5.58389000e+02
 4.74049000e+02
 3.77172000e+02
 2.76503000e+02
 1.81130000e+02
 9.96610000e+01
 3.94520000e+01
 5.93600000e+00
 2.14100000e+00
 2.84080000e+01
 8.23660000e+01
 1.59145000e+02
 2.51813000e+02
 3.52005000e+02
 4.50677000e+02
 5.38922000e+02
 6.08774000e+02
 6.53926000e+02
 6.70304000e+02
 6.56428000e+02
 6.13552000e+02
 5.45545000e+02
 4.58548000e+02
 3.60412000e+02
 2.59997000e+02
 1.66368000e+02
 8.79760000e+01
 3.18980000e+01
 3.19700000e+00
 4.46200000e+00
 3.55800000e+01
 9.37420000e+01
 1.73698000e+02
 2.68229000e+02
 3.68803000e+02
 4.66340000e+02
 5.52036000e+02
 6.18154000e+02
 6.58727000e+02
 6.70092000e+02
 6.51223000e+02
 6.03823000e+02
 5.32170000e+02
 4.42734000e+02
 3.43588000e+02
 2.43681000e+02
 1.52032000e+02
 7.69160000e+01
 2.51110000e+01
 1.29500000e+00
 7.61900000e+00
 4.35100000e+01
 1.05728000e+02
 1.88659000e+02
 2.84815000e+02
 3.85515000e+02
 4.81671000e+02
 5.64602000e+02
 6.26820000e+02
 6.62711000e+02
 6.69035000e+02
 6.45219000e+02
 5.93414000e+02
 5.18298000e+02
 4.26649000e+02
 3.26742000e+02
 2.27596000e+02
 1.38160000e+02
 6.65070000e+01
 1.91070000e+01
 2.38000000e-01
 1.16030000e+01
 5.21760000e+01
 1.18294000e+02
 2.03990000e+02
 3.01527000e+02
 4.02101000e+02
 4.96632000e+02
 5.76588000e+02
 6.34750000e+02
 6.65868000e+02
 6.67133000e+02
 6.38432000e+02
 5.82354000e+02
 5.03962000e+02
 4.10333000e+02
 3.09918000e+02
 2.11782000e+02
 1.24785000e+02
 5.67780000e+01
 1.39020000e+01
 2.60000000e-02
 1.64040000e+01
 6.15560000e+01
 1.31408000e+02
 2.19653000e+02
 3.18325000e+02
 4.18517000e+02
 5.11185000e+02
 5.87964000e+02
 6.41922000e+02
 6.68189000e+02
 6.64394000e+02
 6.30878000e+02
 5.70669000e+02
 4.89200000e+02
 3.93827000e+02
 2.93158000e+02
 1.96281000e+02
 1.11941000e+02
 4.77520000e+01
 9.50800000e+00
 6.61000000e-01
 2.20100000e+01
 7.16280000e+01
 1.45036000e+02
 2.35607000e+02
 3.35165000e+02
 3.35165000e+02
 4.48698000e+02
 5.48807000e+02
 6.23656000e+02
 6.64394000e+02
 6.66204000e+02
 6.28873000e+02
 5.56814000e+02
 4.58548000e+02
 3.45693000e+02
 2.31593000e+02
 1.29740000e+02
 5.21760000e+01
 8.07100000e+00
 2.64200000e+00
 3.65310000e+01
 1.05728000e+02
 2.02055000e+02
 3.14120000e+02
 4.28673000e+02
 5.32170000e+02
 6.12374000e+02
 6.59801000e+02
 6.68843000e+02
 6.38432000e+02
 5.72163000e+02
 4.77871000e+02
 3.66707000e+02
 2.51813000e+02
 1.46774000e+02
 6.40110000e+01
 1.33080000e+01
 6.61000000e-01
 2.75650000e+01
 9.08400000e+01
 1.83003000e+02
 2.93158000e+02
 4.08279000e+02
 5.14756000e+02
 5.99998000e+02
 6.53926000e+02
 6.70165000e+02
 6.46794000e+02
 5.86576000e+02
 4.96632000e+02
 3.87596000e+02
 2.72361000e+02
 1.64552000e+02
 7.69160000e+01
 1.98140000e+01
 0.00000000e+00
 1.98140000e+01
 7.69160000e+01
 1.64552000e+02
 2.72361000e+02
 3.87596000e+02
 4.96632000e+02
 5.86576000e+02
 6.46794000e+02
 6.70165000e+02
 6.53926000e+02
 5.99998000e+02
 5.14756000e+02
 4.08279000e+02
 2.93158000e+02
 1.83003000e+02
 9.08400000e+01
 2.75650000e+01
 6.61000000e-01
 1.33080000e+01
 6.40110000e+01
 1.46774000e+02
 2.51813000e+02
 3.66707000e+02
 4.77871000e+02
 5.72163000e+02
 6.38432000e+02
 6.68843000e+02
 6.59801000e+02
 6.12374000e+02
 5.32170000e+02
 4.28673000e+02
 3.14120000e+02
 2.02055000e+02
 1.05728000e+02
 3.65310000e+01
 2.64200000e+00
 8.07100000e+00
 5.21760000e+01
 1.29740000e+02
 2.31593000e+02
 3.45693000e+02
 4.58548000e+02
 5.56814000e+02
 6.28873000e+02
 6.66204000e+02
 6.64394000e+02
 6.23656000e+02
 5.48807000e+02
 4.48698000e+02
 3.35165000e+02
 2.21632000e+02
 1.21523000e+02
 4.66740000e+01
 5.93600000e+00
 4.12600000e+00
 4.14570000e+01
 1.13516000e+02
 2.11782000e+02
 3.24637000e+02
 4.38737000e+02
 5.40590000e+02
 6.18154000e+02
 6.62259000e+02
 6.67688000e+02
 6.33799000e+02
 5.64602000e+02
 4.68275000e+02
 3.56210000e+02
 2.41657000e+02
 1.38160000e+02
 5.79560000e+01
 1.05290000e+01
 1.48700000e+00
 3.18980000e+01
 9.81670000e+01
 1.92459000e+02
 3.03623000e+02
 4.18517000e+02
 5.23556000e+02
 6.06319000e+02
 6.57022000e+02
 6.69669000e+02
 6.42765000e+02
 5.79490000e+02
 4.87327000e+02
 3.77172000e+02
 2.62051000e+02
 1.55574000e+02
 7.03320000e+01
 1.64040000e+01
 1.65000000e-01
 2.35360000e+01
 8.37540000e+01
 1.73698000e+02
 2.82734000e+02
 3.97969000e+02
 5.05778000e+02
 5.93414000e+02
 6.50516000e+02
 6.70330000e+02
 6.50516000e+02
 5.93414000e+02
 5.05778000e+02
 3.97969000e+02
 2.82734000e+02
 1.73698000e+02
 8.37540000e+01
 2.35360000e+01
 1.65000000e-01
 1.64040000e+01
 7.03320000e+01
 1.55574000e+02
 2.62051000e+02
 3.77172000e+02
 4.87327000e+02
 5.79490000e+02
 6.42765000e+02
 6.69669000e+02
 6.57022000e+02
 6.06319000e+02
 5.23556000e+02
 4.18517000e+02
 3.03623000e+02
 1.92459000e+02
 9.81670000e+01
 3.18980000e+01
 1.48700000e+00
 1.05290000e+01
 5.79560000e+01
 1.38160000e+02
 2.41657000e+02
 3.56210000e+02
 4.68275000e+02
 5.64602000e+02
 6.33799000e+02
 6.67688000e+02
 6.62259000e+02
 6.18154000e+02
 5.40590000e+02
 4.38737000e+02
 3.24637000e+02
 2.11782000e+02
 1.13516000e+02
 4.14570000e+01
 4.12600000e+00
 5.93600000e+00
 4.66740000e+01
 1.21523000e+02
 2.21632000e+02
 3.35165000e+02
 4.48698000e+02
 5.48807000e+02
 6.23656000e+02
 6.64394000e+02
 6.66204000e+02
 6.28873000e+02
 5.56814000e+02
 4.58548000e+02
 3.45693000e+02
 2.31593000e+02
 1.29740000e+02
 5.21760000e+01
 8.07100000e+00
 2.64200000e+00
 3.65310000e+01
 1.05728000e+02
 2.02055000e+02
 3.14120000e+02
 4.28673000e+02
 5.32170000e+02
 6.12374000e+02
 6.59801000e+02
 6.68843000e+02
 6.38432000e+02
 5.72163000e+02
 4.77871000e+02
 3.66707000e+02
 2.51813000e+02
 1.46774000e+02
 6.40110000e+01
 1.33080000e+01
 6.61000000e-01
 2.75650000e+01
 9.08400000e+01
 1.83003000e+02
 2.93158000e+02
 4.08279000e+02
 5.14756000e+02
 5.99998000e+02
 6.53926000e+02
 6.70165000e+02
 6.46794000e+02
 5.86576000e+02
 4.96632000e+02
 3.87596000e+02
 2.72361000e+02
 1.64552000e+02
 7.69160000e+01
 1.98140000e+01
 0.00000000e+00
 1.98140000e+01
 7.69160000e+01
 1.64552000e+02
 2.72361000e+02
 3.87596000e+02
 4.96632000e+02
 5.86576000e+02
 6.46794000e+02
 6.70165000e+02
 6.53926000e+02
 5.99998000e+02
 5.14756000e+02
 4.08279000e+02
 2.93158000e+02
 1.83003000e+02
 9.08400000e+01
 2.75650000e+01
 6.61000000e-01
 1.33080000e+01
 6.40110000e+01
 1.46774000e+02
 2.51813000e+02
 3.66707000e+02
 4.77871000e+02
 5.72163000e+02
 6.38432000e+02
 6.68843000e+02
 6.59801000e+02
 6.12374000e+02
 5.32170000e+02
 4.28673000e+02
 3.14120000e+02
 2.02055000e+02
 1.05728000e+02
 3.65310000e+01
 2.64200000e+00
 8.07100000e+00
 5.21760000e+01
 1.29740000e+02
 2.31593000e+02
 3.45693000e+02
 4.58548000e+02
 5.56814000e+02
 6.28873000e+02
 6.66204000e+02
 6.64394000e+02
 6.23656000e+02
 5.48807000e+02
 4.48698000e+02
 3.35165000e+02
 2.21632000e+02
 1.21523000e+02
 4.66740000e+01
 5.93600000e+00
 4.12600000e+00
 4.14570000e+01
 1.13516000e+02
 2.11782000e+02
 3.24637000e+02
 4.38737000e+02
 5.40590000e+02
 6.18154000e+02
 6.62259000e+02
 6.67688000e+02
 6.33799000e+02
 5.64602000e+02
 4.68275000e+02
 3.56210000e+02
 2.41657000e+02
 1.38160000e+02
 5.79560000e+01
 1.05290000e+01
 1.48700000e+00
 3.18980000e+01
 9.81670000e+01
 1.92459000e+02
 3.03623000e+02
 4.18517000e+02
 5.23556000e+02
 6.06319000e+02
 6.57022000e+02
 6.69669000e+02
 6.42765000e+02
 5.79490000e+02
 4.87327000e+02
 3.77172000e+02
 2.62051000e+02
 1.55574000e+02
 7.03320000e+01
 1.64040000e+01
 1.65000000e-01
 2.35360000e+01
 8.37540000e+01
 1.73698000e+02
 2.82734000e+02
 3.97969000e+02
 5.05778000e+02
 5.93414000e+02
 6.50516000e+02
 6.70330000e+02
 6.50516000e+02
 5.93414000e+02
 5.05778000e+02
 3.97969000e+02
 2.82734000e+02
 1.73698000e+02
 8.37540000e+01
 2.35360000e+01
 1.65000000e-01
 1.64040000e+01
 7.03320000e+01
 1.55574000e+02
 2.62051000e+02
 3.77172000e+02
 4.87327000e+02
 5.79490000e+02
 6.42765000e+02
 6.69669000e+02
 6.57022000e+02
 6.06319000e+02
 5.23556000e+02
 4.18517000e+02
 3.03623000e+02
 1.92459000e+02
 9.81670000e+01
 3.18980000e+01
 1.48700000e+00
 1.05290000e+01
 5.79560000e+01
 1.38160000e+02
 2.41657000e+02
 3.56210000e+02
 4.68275000e+02
 5.64602000e+02
 6.33799000e+02
 6.67688000e+02
 6.62259000e+02
 6.18154000e+02
 5.40590000e+02
 4.38737000e+02
 3.24637000e+02
 2.11782000e+02
 1.13516000e+02
 4.14570000e+01
 4.12600000e+00
 5.93600000e+00
 4.66740000e+01
 1.21523000e+02
 2.21632000e+02
 3.35165000e+02
 4.48698000e+02
 5.48807000e+02
 6.23656000e+02
 6.64394000e+02
 6.66204000e+02
 6.28873000e+02
 5.56814000e+02
 4.58548000e+02
 3.45693000e+02
 2.31593000e+02
 1.29740000e+02
 5.21760000e+01
 8.07100000e+00
 2.64200000e+00
 3.65310000e+01
 1.05728000e+02
 2.02055000e+02
 3.14120000e+02
 4.28673000e+02
 5.32170000e+02
 6.12374000e+02
 6.59801000e+02
 6.68843000e+02
 6.38432000e+02
 5.72163000e+02
 4.77871000e+02
 3.66707000e+02
 2.51813000e+02
 1.46774000e+02
 6.40110000e+01
 1.33080000e+01
 6.61000000e-01
 2.75650000e+01
 9.08400000e+01
 1.83003000e+02
 2.93158000e+02
 4.08279000e+02
 5.14756000e+02
 5.99998000e+02
 6.53926000e+02
 6.70165000e+02
 6.46794000e+02
 5.86576000e+02
 4.96632000e+02
 3.87596000e+02
 2.72361000e+02
 1.64552000e+02
 7.69160000e+01
 1.98140000e+01
 0.00000000e+00
 1.98140000e+01
 7.69160000e+01
 1.64552000e+02
 2.72361000e+02
 3.87596000e+02
 4.96632000e+02
 5.86576000e+02
 6.46794000e+02
 6.70165000e+02
 6.53926000e+02
 5.99998000e+02
 5.14756000e+02
 4.08279000e+02
 2.93158000e+02
 1.83003000e+02
 9.08400000e+01
 2.75650000e+01
 6.61000000e-01
 1.33080000e+01
 6.40110000e+01
 1.46774000e+02
 2.51813000e+02
 3.66707000e+02
 4.77871000e+02
 5.72163000e+02
 6.38432000e+02
 6.68843000e+02
 6.59801000e+02
 6.12374000e+02
 5.32170000e+02
 4.28673000e+02
 3.14120000e+02
 2.02055000e+02
 1.05728000e+02
 3.65310000e+01
 2.64200000e+00
 8.07100000e+00
 5.21760000e+01
 1.29740000e+02
 2.31593000e+02
 3.45693000e+02
 4.58548000e+02
 5.56814000e+02
 6.28873000e+02
 6.66204000e+02
 6.64394000e+02
 6.23656000e+02
 5.48807000e+02
 4.48698000e+02
 3.35165000e+02
 2.21632000e+02
 1.21523000e+02
 4.66740000e+01
 5.93600000e+00
 4.12600000e+00
 4.14570000e+01
 1.13516000e+02
 2.11782000e+02
 3.24637000e+02
 4.38737000e+02
 5.40590000e+02
 6.18154000e+02
 6.62259000e+02
 6.67688000e+02
 6.33799000e+02
 5.64602000e+02
 4.68275000e+02
 3.56210000e+02
 2.41657000e+02
 1.38160000e+02
 5.79560000e+01
 1.05290000e+01
 1.48700000e+00
 3.18980000e+01
 9.81670000e+01
 1.92459000e+02
 3.03623000e+02
 4.18517000e+02
 5.23556000e+02
 6.06319000e+02
 6.57022000e+02
 6.69669000e+02
 6.42765000e+02
 5.79490000e+02
 4.87327000e+02
 3.77172000e+02
 2.62051000e+02
 1.55574000e+02
 7.03320000e+01
 1.64040000e+01
 1.65000000e-01
 2.35360000e+01
 8.37540000e+01
 1.73698000e+02
 2.82734000e+02
 3.97969000e+02
 5.05778000e+02
 5.93414000e+02
 6.50516000e+02
 6.70330000e+02
 6.50516000e+02
 5.93414000e+02
 5.05778000e+02
 3.97969000e+02
 2.82734000e+02
 1.73698000e+02
 8.37540000e+01
 2.35360000e+01
 1.65000000e-01
 1.64040000e+01
 7.03320000e+01
 1.55574000e+02
 2.62051000e+02
 3.77172000e+02
 4.87327000e+02
 5.79490000e+02
 6.42765000e+02
 6.69669000e+02
 6.57022000e+02
 6.06319000e+02
 5.23556000e+02
 4.18517000e+02
 3.03623000e+02
 1.92459000e+02
 9.81670000e+01
 3.18980000e+01
 1.48700000e+00
 1.05290000e+01
 5.79560000e+01
 1.38160000e+02
 2.41657000e+02
 3.56210000e+02
 4.68275000e+02
 5.64602000e+02
 6.33799000e+02
 6.67688000e+02
 6.62259000e+02
 6.18154000e+02
 5.40590000e+02
 4.38737000e+02
 3.24637000e+02
 2.11782000e+02
 1.13516000e+02
 4.14570000e+01
 4.12600000e+00
 5.93600000e+00
 4.66740000e+01
 1.21523000e+02
 2.21632000e+02
 3.35165000e+02
 4.48698000e+02
 5.48807000e+02
 6.23656000e+02
 6.64394000e+02
 6.66204000e+02
 6.28873000e+02
 5.56814000e+02
 4.58548000e+02
 3.45693000e+02
 2.31593000e+02
 1.29740000e+02
 5.21760000e+01
 8.07100000e+00
 2.64200000e+00
 3.65310000e+01
 1.05728000e+02
 2.02055000e+02
 3.14120000e+02
 4.28673000e+02
 5.32170000e+02
 6.12374000e+02
 6.59801000e+02
 6.68843000e+02
 6.38432000e+02
 5.72163000e+02
 4.77871000e+02
 3.66707000e+02
 2.51813000e+02
 1.46774000e+02
 6.40110000e+01
 1.33080000e+01
 6.61000000e-01
 2.75650000e+01
 9.08400000e+01
 1.83003000e+02
 2.93158000e+02
 4.08279000e+02
 5.14756000e+02
 5.99998000e+02
 6.53926000e+02
 6.70165000e+02
 6.46794000e+02
 5.86576000e+02
 4.96632000e+02
 3.87596000e+02
 2.72361000e+02
 1.64552000e+02
 7.69160000e+01
 1.98140000e+01
 0.00000000e+00
 1.98140000e+01
 7.69160000e+01
 1.64552000e+02
 2.72361000e+02
 3.87596000e+02
 4.96632000e+02
 5.86576000e+02
 6.46794000e+02
 6.70165000e+02
 6.53926000e+02
 5.99998000e+02
 5.14756000e+02
 4.08279000e+02
 2.93158000e+02
 1.83003000e+02
 9.08400000e+01
 2.75650000e+01
 6.61000000e-01
 1.33080000e+01
 6.40110000e+01
 1.46774000e+02
 2.51813000e+02
 3.66707000e+02
 4.77871000e+02
 5.72163000e+02
 6.38432000e+02
 6.68843000e+02
 6.59801000e+02
 6.12374000e+02
 5.32170000e+02
 4.28673000e+02
 3.14120000e+02
 2.02055000e+02
 1.05728000e+02
 3.65310000e+01
 2.64200000e+00
 8.07100000e+00
 5.21760000e+01
 1.29740000e+02
 2.31593000e+02
 3.45693000e+02
 4.58548000e+02
 5.56814000e+02
 6.28873000e+02
 6.66204000e+02
 6.64394000e+02
 6.23656000e+02
 5.48807000e+02
 4.48698000e+02
 3.35165000e+02
 2.21632000e+02
 1.21523000e+02
 4.66740000e+01
 5.93600000e+00
 4.12600000e+00
 4.14570000e+01
 1.13516000e+02
 2.11782000e+02
 3.24637000e+02
 4.38737000e+02
 5.40590000e+02
 6.18154000e+02
 6.62259000e+02
 6.67688000e+02
 6.33799000e+02
 5.64602000e+02
 4.68275000e+02
 3.56210000e+02
 2.41657000e+02
 1.38160000e+02
 5.79560000e+01
 1.05290000e+01
 1.48700000e+00
 3.18980000e+01
 9.81670000e+01
 1.92459000e+02
 3.03623000e+02
 4.18517000e+02
 5.23556000e+02
 6.06319000e+02
 6.57022000e+02
 6.69669000e+02
 6.42765000e+02
 5.79490000e+02
 4.87327000e+02
 3.77172000e+02
 2.62051000e+02
 1.55574000e+02
 7.03320000e+01
 1.64040000e+01
 1.65000000e-01
 2.35360000e+01
 8.37540000e+01
 1.73698000e+02
 2.82734000e+02
 3.97969000e+02
 5.05778000e+02
 5.93414000e+02
 6.50516000e+02
 6.70330000e+02
 6.50516000e+02
 5.93414000e+02
 5.05778000e+02
 3.97969000e+02
 2.82734000e+02
 1.73698000e+02
 8.37540000e+01
 2.35360000e+01
 1.65000000e-01
 1.64040000e+01
 7.03320000e+01
 1.55574000e+02
 2.62051000e+02
 3.77172000e+02
 4.87327000e+02
 5.79490000e+02
 6.42765000e+02
 6.69669000e+02
 6.57022000e+02
 6.06319000e+02
 5.23556000e+02
 4.18517000e+02
 3.03623000e+02
 1.92459000e+02
 9.81670000e+01
 3.18980000e+01
 1.48700000e+00
 1.05290000e+01
 5.79560000e+01
 1.38160000e+02
 2.41657000e+02
 3.56210000e+02
 4.68275000e+02
 5.64602000e+02
 6.33799000e+02
 6.67688000e+02
 6.62259000e+02
 6.18154000e+02
 5.40590000e+02
 4.38737000e+02
 3.24637000e+02
 2.11782000e+02
 1.13516000e+02
 4.14570000e+01
 4.12600000e+00
 5.93600000e+00
 4.66740000e+01
 1.21523000e+02
 2.21632000e+02
 3.35165000e+02
 4.48698000e+02
 5.48807000e+02
 6.23656000e+02
 6.64394000e+02
 6.66204000e+02
 6.28873000e+02
 5.56814000e+02
 4.58548000e+02
 3.45693000e+02
 2.31593000e+02
 1.29740000e+02
 5.21760000e+01
 8.07100000e+00
 2.64200000e+00
 3.65310000e+01
 1.05728000e+02
 2.02055000e+02
 3.14120000e+02
 4.28673000e+02
 5.32170000e+02
 6.12374000e+02
 6.59801000e+02
 6.68843000e+02
 6.38432000e+02
 5.72163000e+02
 4.77871000e+02
 3.66707000e+02
 2.51813000e+02
 1.46774000e+02
 6.40110000e+01
 1.33080000e+01
 6.61000000e-01
 2.75650000e+01
 9.08400000e+01
 1.83003000e+02
 2.93158000e+02
 4.08279000e+02
 5.14756000e+02
 5.99998000e+02
 6.53926000e+02
 6.70165000e+02
 6.46794000e+02
 5.86576000e+02
 4.96632000e+02
 3.87596000e+02
 2.72361000e+02
 1.64552000e+02
 7.69160000e+01
 1.98140000e+01
 0.00000000e+00
 1.98140000e+01
 7.69160000e+01
 1.64552000e+02
 2.72361000e+02
 3.87596000e+02
 4.96632000e+02
 5.86576000e+02
 6.46794000e+02
 6.70165000e+02
 6.53926000e+02
 5.99998000e+02
 5.14756000e+02
 4.08279000e+02
 2.93158000e+02
 1.83003000e+02
 9.08400000e+01
 2.75650000e+01
 6.61000000e-01
 1.33080000e+01
 6.40110000e+01
 1.46774000e+02
 2.51813000e+02
 3.66707000e+02
 4.77871000e+02
 5.72163000e+02
 6.38432000e+02
 6.68843000e+02
 6.59801000e+02
 6.12374000e+02
 5.32170000e+02
 4.28673000e+02
 3.14120000e+02
 2.02055000e+02
 1.05728000e+02
 3.65310000e+01
 2.64200000e+00
 8.07100000e+00
 5.21760000e+01
 1.29740000e+02
 2.31593000e+02
 3.45693000e+02
 4.58548000e+02
 5.56814000e+02
 6.28873000e+02
 6.66204000e+02
 6.64394000e+02
 6.23656000e+02
 5.48807000e+02
 4.48698000e+02
 3.35165000e+02
 2.21632000e+02
 1.21523000e+02
 4.66740000e+01
 5.93600000e+00
 4.12600000e+00
 4.14570000e+01
 1.13516000e+02
 2.11782000e+02
 3.24637000e+02
 4.38737000e+02
 5.40590000e+02
 6.18154000e+02
 6.62259000e+02
 6.67688000e+02
 6.33799000e+02
 5.64602000e+02
 4.68275000e+02
 3.56210000e+02
 2.41657000e+02
 1.38160000e+02
 5.79560000e+01
 1.05290000e+01
 1.48700000e+00
 3.18980000e+01
 9.81670000e+01
 1.92459000e+02
 3.03623000e+02
 4.18517000e+02
 5.23556000e+02
 6.06319000e+02
 6.57022000e+02
 6.69669000e+02
 6.42765000e+02
 5.79490000e+02
 4.87327000e+02
 3.77172000e+02
 2.62051000e+02
 1.55574000e+02
 7.03320000e+01
 1.64040000e+01
 1.65000000e-01
 2.35360000e+01
 8.37540000e+01
 1.73698000e+02
 2.82734000e+02
 3.97969000e+02
 5.05778000e+02
 5.93414000e+02
 6.50516000e+02
 6.70330000e+02
 6.50516000e+02
 5.93414000e+02
 5.05778000e+02
 3.97969000e+02
 2.82734000e+02
 1.73698000e+02
 8.37540000e+01
 2.35360000e+01
 1.65000000e-01
 1.64040000e+01
 7.03320000e+01
 1.55574000e+02
 2.62051000e+02
 3.77172000e+02
 4.87327000e+02
 5.79490000e+02
 6.42765000e+02
 6.69669000e+02
 6.57022000e+02
 6.06319000e+02
 5.23556000e+02
 4.18517000e+02
 3.03623000e+02
 1.92459000e+02
 9.81670000e+01
 3.18980000e+01
 1.48700000e+00
 1.05290000e+01
 5.79560000e+01
 1.38160000e+02
 2.41657000e+02
 3.56210000e+02
 4.68275000e+02
 5.64602000e+02
 6.33799000e+02
 6.67688000e+02
 6.62259000e+02
 6.18154000e+02
 5.40590000e+02
 4.38737000e+02
 3.24637000e+02
 2.11782000e+02
 1.13516000e+02
 4.14570000e+01
 4.12600000e+00
 5.93600000e+00
 4.66740000e+01
 1.21523000e+02
 2.21632000e+02
 3.35165000e+02
 4.58548000e+02
 5.64602000e+02
 6.38432000e+02
 6.69669000e+02
 6.53926000e+02
 5.93414000e+02
 4.96632000e+02
 3.77172000e+02
 2.51813000e+02
 1.38160000e+02
 5.21760000e+01
 5.93600000e+00
 5.93600000e+00
 5.21760000e+01
 1.38160000e+02
 2.51813000e+02
 3.77172000e+02
 4.96632000e+02
 5.93414000e+02
 6.53926000e+02
 6.69669000e+02
 6.38432000e+02
 5.64602000e+02
 4.58548000e+02
 3.35165000e+02
 2.11782000e+02
 1.05728000e+02
 3.18980000e+01
 6.61000000e-01
 1.64040000e+01
 7.69160000e+01
 1.73698000e+02
 2.93158000e+02
 4.18517000e+02
 5.32170000e+02
 6.18154000e+02
 6.64394000e+02
 6.64394000e+02
 6.18154000e+02
 5.32170000e+02
 4.18517000e+02
 2.93158000e+02
 1.73698000e+02
 7.69160000e+01
 1.64040000e+01
 6.61000000e-01
 3.18980000e+01
 1.05728000e+02
 2.11782000e+02
 3.35165000e+02
 4.58548000e+02
 5.64602000e+02
 6.38432000e+02
 6.69669000e+02
 6.53926000e+02
 5.93414000e+02
 4.96632000e+02
 3.77172000e+02
 2.51813000e+02
 1.38160000e+02
 5.21760000e+01
 5.93600000e+00
 5.93600000e+00
 5.21760000e+01
 1.38160000e+02
 2.51813000e+02
 3.77172000e+02
 4.96632000e+02
 5.93414000e+02
 6.53926000e+02
 6.69669000e+02
 6.38432000e+02
 5.64602000e+02
 4.58548000e+02
 3.35165000e+02
 2.11782000e+02
 1.05728000e+02
 3.18980000e+01
 6.61000000e-01
 1.64040000e+01
 7.69160000e+01
 1.73698000e+02
 2.93158000e+02
